amber                                                                           
         3       179
OW      OW      
  2.513966E-02  0.000000E+00
  7.541899E-02  0.000000E+00
  1.256983E-01  0.000000E+00
  1.759777E-01  0.000000E+00
  2.262570E-01  0.000000E+00
  2.765363E-01  0.000000E+00
  3.268156E-01  0.000000E+00
  3.770950E-01  0.000000E+00
  4.273743E-01  0.000000E+00
  4.776536E-01  0.000000E+00
  5.279330E-01  0.000000E+00
  5.782123E-01  0.000000E+00
  6.284916E-01  0.000000E+00
  6.787709E-01  0.000000E+00
  7.290503E-01  0.000000E+00
  7.793296E-01  0.000000E+00
  8.296089E-01  0.000000E+00
  8.798883E-01  0.000000E+00
  9.301676E-01  0.000000E+00
  9.804469E-01  0.000000E+00
  1.030726E+00  0.000000E+00
  1.081006E+00  0.000000E+00
  1.131285E+00  0.000000E+00
  1.181564E+00  0.000000E+00
  1.231844E+00  0.000000E+00
  1.282123E+00  0.000000E+00
  1.332402E+00  0.000000E+00
  1.382682E+00  0.000000E+00
  1.432961E+00  0.000000E+00
  1.483240E+00  0.000000E+00
  1.533520E+00  0.000000E+00
  1.583799E+00  0.000000E+00
  1.634078E+00  0.000000E+00
  1.684358E+00  0.000000E+00
  1.734637E+00  0.000000E+00
  1.784916E+00  0.000000E+00
  1.835196E+00  0.000000E+00
  1.885475E+00  0.000000E+00
  1.935754E+00  0.000000E+00
  1.986034E+00  0.000000E+00
  2.036313E+00  0.000000E+00
  2.086592E+00  0.000000E+00
  2.136872E+00  0.000000E+00
  2.187151E+00  0.000000E+00
  2.237430E+00  0.000000E+00
  2.287709E+00  0.000000E+00
  2.337989E+00  0.000000E+00
  2.388268E+00  0.000000E+00
  2.438547E+00  0.000000E+00
  2.488827E+00  1.135373E-01
  2.539106E+00  7.635979E-01
  2.589385E+00  4.195614E-01
  2.639665E+00  1.110260E+00
  2.689944E+00  1.166339E+00
  2.740223E+00  1.404914E+00
  2.790503E+00  9.934787E-01
  2.840782E+00  1.481509E+00
  2.891061E+00  1.177999E+00
  2.941341E+00  1.788397E+00
  2.991620E+00  1.493046E+00
  3.041899E+00  1.520103E+00
  3.092179E+00  1.912393E+00
  3.142458E+00  1.424375E+00
  3.192737E+00  1.379867E+00
  3.243017E+00  1.404283E+00
  3.293296E+00  1.426577E+00
  3.343575E+00  8.178158E-01
  3.393855E+00  1.099058E+00
  3.444134E+00  8.893363E-01
  3.494413E+00  8.063332E-01
  3.544693E+00  9.515399E-01
  3.594972E+00  1.197201E+00
  3.645251E+00  1.058548E+00
  3.695531E+00  1.493414E+00
  3.745810E+00  5.012386E-01
  3.796089E+00  1.122513E+00
  3.846369E+00  1.140895E+00
  3.896648E+00  7.874139E-01
  3.946927E+00  9.029182E-01
  3.997207E+00  8.803464E-01
  4.047486E+00  1.030333E+00
  4.097765E+00  8.376699E-01
  4.148045E+00  1.103606E+00
  4.198324E+00  6.384185E-01
  4.248603E+00  7.792470E-01
  4.298883E+00  8.752946E-01
  4.349162E+00  1.003900E+00
  4.399441E+00  9.447483E-01
  4.449721E+00  9.945588E-01
  4.500000E+00  1.041920E+00
  4.550279E+00  8.831518E-01
  4.600559E+00  1.030099E+00
  4.650838E+00  9.104035E-01
  4.701117E+00  6.046302E-01
  4.751397E+00  7.476652E-01
  4.801676E+00  8.236006E-01
  4.851955E+00  9.261190E-01
  4.902235E+00  7.901587E-01
  4.952514E+00  8.028704E-01
  5.002793E+00  7.868135E-01
  5.053073E+00  8.263217E-01
  5.103352E+00  7.291078E-01
  5.153631E+00  8.208695E-01
  5.203911E+00  7.012022E-01
  5.254190E+00  7.387980E-01
  5.304469E+00  9.998053E-01
  5.354749E+00  9.075340E-01
  5.405028E+00  1.059245E+00
  5.455307E+00  7.089609E-01
  5.505587E+00  1.067309E+00
  5.555866E+00  9.569415E-01
  5.606145E+00  8.279663E-01
  5.656425E+00  7.253868E-01
  5.706704E+00  1.079789E+00
  5.756983E+00  6.578268E-01
  5.807263E+00  1.021864E+00
  5.857542E+00  1.127384E+00
  5.907821E+00  1.067975E+00
  5.958101E+00  1.010403E+00
  6.008380E+00  5.260040E-01
  6.058659E+00  9.196620E-01
  6.108939E+00  6.972850E-01
  6.159218E+00  7.786429E-01
  6.209497E+00  8.572849E-01
  6.259777E+00  1.041000E+00
  6.310056E+00  9.008325E-01
  6.360335E+00  8.866464E-01
  6.410615E+00  9.925880E-01
  6.460894E+00  1.061441E+00
  6.511173E+00  7.133298E-01
  6.561453E+00  9.964839E-01
  6.611732E+00  8.526796E-01
  6.662011E+00  8.557040E-01
  6.712291E+00  8.897621E-01
  6.762570E+00  9.073379E-01
  6.812849E+00  1.000062E+00
  6.863128E+00  6.868378E-01
  6.913408E+00  6.768838E-01
  6.963687E+00  9.862138E-01
  7.013966E+00  8.720536E-01
  7.064246E+00  8.314979E-01
  7.114525E+00  9.309444E-01
  7.164804E+00  1.233033E+00
  7.215084E+00  9.321958E-01
  7.265363E+00  8.260719E-01
  7.315642E+00  7.884736E-01
  7.365922E+00  8.295960E-01
  7.416201E+00  7.544490E-01
  7.466480E+00  7.947849E-01
  7.516760E+00  9.708993E-01
  7.567039E+00  9.211922E-01
  7.617318E+00  8.727086E-01
  7.667598E+00  8.373758E-01
  7.717877E+00  8.619224E-01
  7.768156E+00  9.323846E-01
  7.818436E+00  9.434419E-01
  7.868715E+00  1.010936E+00
  7.918994E+00  7.626231E-01
  7.969274E+00  8.637702E-01
  8.019553E+00  8.420377E-01
  8.069832E+00  9.395748E-01
  8.120112E+00  8.426442E-01
  8.170391E+00  8.006986E-01
  8.220670E+00  9.990747E-01
  8.270950E+00  8.635943E-01
  8.321229E+00  7.516194E-01
  8.371508E+00  8.329365E-01
  8.421788E+00  7.238616E-01
  8.472067E+00  6.956982E-01
  8.522346E+00  9.683290E-01
  8.572626E+00  8.804434E-01
  8.622905E+00  8.702058E-01
  8.673184E+00  6.170610E-01
  8.723464E+00  8.225332E-01
  8.773743E+00  7.948603E-01
  8.824022E+00  8.038929E-01
  8.874302E+00  7.858790E-01
  8.924581E+00  9.095006E-01
  8.974860E+00  8.818758E-01
OW      HW      
  2.513966E-02  0.000000E+00
  7.541899E-02  0.000000E+00
  1.256983E-01  0.000000E+00
  1.759777E-01  0.000000E+00
  2.262570E-01  0.000000E+00
  2.765363E-01  0.000000E+00
  3.268156E-01  0.000000E+00
  3.770950E-01  0.000000E+00
  4.273743E-01  0.000000E+00
  4.776536E-01  0.000000E+00
  5.279330E-01  0.000000E+00
  5.782123E-01  0.000000E+00
  6.284916E-01  0.000000E+00
  6.787709E-01  0.000000E+00
  7.290503E-01  0.000000E+00
  7.793296E-01  0.000000E+00
  8.296089E-01  0.000000E+00
  8.798883E-01  0.000000E+00
  9.301676E-01  0.000000E+00
  9.804469E-01  0.000000E+00
  1.030726E+00  0.000000E+00
  1.081006E+00  0.000000E+00
  1.131285E+00  0.000000E+00
  1.181564E+00  0.000000E+00
  1.231844E+00  0.000000E+00
  1.282123E+00  0.000000E+00
  1.332402E+00  0.000000E+00
  1.382682E+00  0.000000E+00
  1.432961E+00  0.000000E+00
  1.483240E+00  0.000000E+00
  1.533520E+00  0.000000E+00
  1.583799E+00  0.000000E+00
  1.634078E+00  1.316839E-01
  1.684358E+00  6.197004E-02
  1.734637E+00  4.090092E-01
  1.784916E+00  2.759232E-01
  1.835196E+00  4.698219E-01
  1.885475E+00  3.956447E-01
  1.935754E+00  6.099596E-01
  1.986034E+00  7.577661E-01
  2.036313E+00  4.240055E-01
  2.086592E+00  4.845824E-01
  2.136872E+00  5.390558E-01
  2.187151E+00  4.778035E-01
  2.237430E+00  7.726592E-01
  2.287709E+00  6.046943E-01
  2.337989E+00  5.468017E-01
  2.388268E+00  7.397953E-01
  2.438547E+00  7.096039E-01
  2.488827E+00  5.676863E-01
  2.539106E+00  6.817838E-01
  2.589385E+00  5.244517E-01
  2.639665E+00  7.822284E-01
  2.689944E+00  7.532603E-01
  2.740223E+00  6.790417E-01
  2.790503E+00  8.805834E-01
  2.840782E+00  7.189676E-01
  2.891061E+00  8.834994E-01
  2.941341E+00  9.958121E-01
  2.991620E+00  8.054588E-01
  3.041899E+00  7.790527E-01
  3.092179E+00  1.140080E+00
  3.142458E+00  1.121695E+00
  3.192737E+00  9.831551E-01
  3.243017E+00  9.529066E-01
  3.293296E+00  7.943441E-01
  3.343575E+00  1.100906E+00
  3.393855E+00  9.616758E-01
  3.444134E+00  9.782699E-01
  3.494413E+00  1.238297E+00
  3.544693E+00  1.175432E+00
  3.594972E+00  1.088365E+00
  3.645251E+00  1.376113E+00
  3.695531E+00  1.197306E+00
  3.745810E+00  1.290689E+00
  3.796089E+00  1.049305E+00
  3.846369E+00  8.913245E-01
  3.896648E+00  1.042166E+00
  3.946927E+00  8.351993E-01
  3.997207E+00  9.683811E-01
  4.047486E+00  8.264127E-01
  4.097765E+00  1.088971E+00
  4.148045E+00  8.481418E-01
  4.198324E+00  7.980231E-01
  4.248603E+00  9.058746E-01
  4.298883E+00  8.657806E-01
  4.349162E+00  8.086970E-01
  4.399441E+00  9.992530E-01
  4.449721E+00  8.080790E-01
  4.500000E+00  8.769491E-01
  4.550279E+00  1.002038E+00
  4.600559E+00  8.473392E-01
  4.650838E+00  9.673038E-01
  4.701117E+00  1.026280E+00
  4.751397E+00  7.788179E-01
  4.801676E+00  9.989970E-01
  4.851955E+00  7.692763E-01
  4.902235E+00  9.584332E-01
  4.952514E+00  1.025093E+00
  5.002793E+00  8.500396E-01
  5.053073E+00  7.092595E-01
  5.103352E+00  8.776298E-01
  5.153631E+00  8.870687E-01
  5.203911E+00  8.894880E-01
  5.254190E+00  9.043906E-01
  5.304469E+00  8.998248E-01
  5.354749E+00  8.216862E-01
  5.405028E+00  8.305440E-01
  5.455307E+00  8.862012E-01
  5.505587E+00  8.932912E-01
  5.555866E+00  8.487159E-01
  5.606145E+00  8.559382E-01
  5.656425E+00  9.177242E-01
  5.706704E+00  8.206400E-01
  5.756983E+00  8.328936E-01
  5.807263E+00  7.299027E-01
  5.857542E+00  9.121560E-01
  5.907821E+00  8.312070E-01
  5.958101E+00  8.964848E-01
  6.008380E+00  9.010253E-01
  6.058659E+00  8.909226E-01
  6.108939E+00  9.846795E-01
  6.159218E+00  1.042825E+00
  6.209497E+00  9.120052E-01
  6.259777E+00  8.615169E-01
  6.310056E+00  8.345948E-01
  6.360335E+00  8.779538E-01
  6.410615E+00  8.428441E-01
  6.460894E+00  8.676856E-01
  6.511173E+00  8.916622E-01
  6.561453E+00  8.698814E-01
  6.611732E+00  7.843044E-01
  6.662011E+00  8.279728E-01
  6.712291E+00  8.819572E-01
  6.762570E+00  9.650077E-01
  6.812849E+00  9.205117E-01
  6.863128E+00  9.182723E-01
  6.913408E+00  8.792132E-01
  6.963687E+00  9.354528E-01
  7.013966E+00  9.077935E-01
  7.064246E+00  7.962649E-01
  7.114525E+00  8.857866E-01
  7.164804E+00  8.905236E-01
  7.215084E+00  8.477578E-01
  7.265363E+00  8.926906E-01
  7.315642E+00  9.691655E-01
  7.365922E+00  8.004305E-01
  7.416201E+00  9.526518E-01
  7.466480E+00  9.083256E-01
  7.516760E+00  7.935235E-01
  7.567039E+00  8.843446E-01
  7.617318E+00  9.211924E-01
  7.667598E+00  8.882165E-01
  7.717877E+00  8.530670E-01
  7.768156E+00  7.808721E-01
  7.818436E+00  8.283880E-01
  7.868715E+00  8.348737E-01
  7.918994E+00  8.215021E-01
  7.969274E+00  8.942237E-01
  8.019553E+00  8.885138E-01
  8.069832E+00  7.829790E-01
  8.120112E+00  8.826432E-01
  8.170391E+00  8.586439E-01
  8.220670E+00  8.689869E-01
  8.270950E+00  8.276112E-01
  8.321229E+00  8.811214E-01
  8.371508E+00  8.605338E-01
  8.421788E+00  8.577264E-01
  8.472067E+00  8.377774E-01
  8.522346E+00  8.763377E-01
  8.572626E+00  8.325932E-01
  8.622905E+00  8.654764E-01
  8.673184E+00  8.554710E-01
  8.723464E+00  8.502591E-01
  8.773743E+00  7.674513E-01
  8.824022E+00  7.655048E-01
  8.874302E+00  8.059725E-01
  8.924581E+00  7.571813E-01
  8.974860E+00  8.360357E-01
HW      HW      
  2.513966E-02  0.000000E+00
  7.541899E-02  0.000000E+00
  1.256983E-01  0.000000E+00
  1.759777E-01  0.000000E+00
  2.262570E-01  0.000000E+00
  2.765363E-01  0.000000E+00
  3.268156E-01  0.000000E+00
  3.770950E-01  0.000000E+00
  4.273743E-01  0.000000E+00
  4.776536E-01  0.000000E+00
  5.279330E-01  0.000000E+00
  5.782123E-01  0.000000E+00
  6.284916E-01  0.000000E+00
  6.787709E-01  0.000000E+00
  7.290503E-01  0.000000E+00
  7.793296E-01  0.000000E+00
  8.296089E-01  0.000000E+00
  8.798883E-01  0.000000E+00
  9.301676E-01  0.000000E+00
  9.804469E-01  0.000000E+00
  1.030726E+00  0.000000E+00
  1.081006E+00  0.000000E+00
  1.131285E+00  0.000000E+00
  1.181564E+00  0.000000E+00
  1.231844E+00  0.000000E+00
  1.282123E+00  0.000000E+00
  1.332402E+00  0.000000E+00
  1.382682E+00  0.000000E+00
  1.432961E+00  0.000000E+00
  1.483240E+00  7.991310E-02
  1.533520E+00  0.000000E+00
  1.583799E+00  2.102651E-01
  1.634078E+00  6.584194E-02
  1.684358E+00  1.239401E-01
  1.734637E+00  5.842988E-02
  1.784916E+00  3.862925E-01
  1.835196E+00  2.610122E-01
  1.885475E+00  2.967335E-01
  1.935754E+00  3.284398E-01
  1.986034E+00  2.674468E-01
  2.036313E+00  2.544033E-01
  2.086592E+00  2.422912E-01
  2.136872E+00  5.775598E-01
  2.187151E+00  3.307870E-01
  2.237430E+00  6.321757E-01
  2.287709E+00  4.031295E-01
  2.337989E+00  7.719554E-01
  2.388268E+00  6.473209E-01
  2.438547E+00  7.687376E-01
  2.488827E+00  7.663766E-01
  2.539106E+00  9.817687E-01
  2.589385E+00  7.866776E-01
  2.639665E+00  8.831611E-01
  2.689944E+00  9.962475E-01
  2.740223E+00  7.727026E-01
  2.790503E+00  7.676881E-01
  2.840782E+00  9.368366E-01
  2.891061E+00  9.886779E-01
  2.941341E+00  1.117748E+00
  2.991620E+00  8.251041E-01
  3.041899E+00  7.980540E-01
  3.092179E+00  1.084915E+00
  3.142458E+00  9.614530E-01
  3.192737E+00  1.138390E+00
  3.243017E+00  1.086648E+00
  3.293296E+00  1.069933E+00
  3.343575E+00  8.649975E-01
  3.393855E+00  7.937641E-01
  3.444134E+00  8.596917E-01
  3.494413E+00  9.791189E-01
  3.544693E+00  9.935196E-01
  3.594972E+00  1.088365E+00
  3.645251E+00  1.005621E+00
  3.695531E+00  9.011981E-01
  3.745810E+00  1.027539E+00
  3.796089E+00  8.174819E-01
  3.846369E+00  1.010168E+00
  3.896648E+00  8.337324E-01
  3.946927E+00  9.932100E-01
  3.997207E+00  1.122442E+00
  4.047486E+00  1.169857E+00
  4.097765E+00  9.633204E-01
  4.148045E+00  9.298905E-01
  4.198324E+00  1.007504E+00
  4.248603E+00  8.376905E-01
  4.298883E+00  1.037034E+00
  4.349162E+00  9.109460E-01
  4.399441E+00  9.265801E-01
  4.449721E+00  9.679189E-01
  4.500000E+00  9.637758E-01
  4.550279E+00  1.044497E+00
  4.600559E+00  7.974957E-01
  4.650838E+00  7.803459E-01
  4.701117E+00  9.387680E-01
  4.751397E+00  9.501579E-01
  4.801676E+00  1.151516E+00
  4.851955E+00  9.410564E-01
  4.902235E+00  8.047913E-01
  4.952514E+00  8.243759E-01
  5.002793E+00  8.078889E-01
  5.053073E+00  9.158399E-01
  5.103352E+00  8.573768E-01
  5.153631E+00  8.870687E-01
  5.203911E+00  8.700102E-01
  5.254190E+00  8.852838E-01
  5.304469E+00  9.310687E-01
  5.354749E+00  9.259300E-01
  5.405028E+00  8.305440E-01
  5.455307E+00  8.330291E-01
  5.505587E+00  9.106930E-01
  5.555866E+00  9.455493E-01
  5.606145E+00  9.174762E-01
  5.656425E+00  9.287149E-01
  5.706704E+00  8.098421E-01
  5.756983E+00  7.427077E-01
  5.807263E+00  7.663978E-01
  5.857542E+00  1.060766E+00
  5.907821E+00  8.916584E-01
  5.958101E+00  8.122845E-01
  6.008380E+00  9.058957E-01
  6.058659E+00  8.286538E-01
  6.108939E+00  9.140087E-01
  6.159218E+00  8.435298E-01
  6.209497E+00  8.709650E-01
  6.259777E+00  9.288229E-01
  6.310056E+00  9.803177E-01
  6.360335E+00  7.606036E-01
  6.410615E+00  8.128953E-01
  6.460894E+00  8.002925E-01
  6.511173E+00  8.750732E-01
  6.561453E+00  9.188889E-01
  6.611732E+00  8.205030E-01
  6.662011E+00  8.477808E-01
  6.712291E+00  8.546399E-01
  6.762570E+00  8.688914E-01
  6.812849E+00  9.432404E-01
  6.863128E+00  8.249519E-01
  6.913408E+00  9.233578E-01
  6.963687E+00  9.572075E-01
  7.013966E+00  8.720536E-01
  7.064246E+00  9.195803E-01
  7.114525E+00  8.857866E-01
  7.164804E+00  8.528476E-01
  7.215084E+00  8.072275E-01
  7.265363E+00  8.327338E-01
  7.315642E+00  8.180414E-01
  7.365922E+00  8.814457E-01
  7.416201E+00  9.366677E-01
  7.466480E+00  8.547092E-01
  7.516760E+00  8.557606E-01
  7.567039E+00  8.536381E-01
  7.617318E+00  8.484667E-01
  7.667598E+00  9.510196E-01
  7.717877E+00  8.560188E-01
  7.768156E+00  9.556943E-01
  7.818436E+00  8.571515E-01
  7.868715E+00  9.342634E-01
  7.918994E+00  8.607547E-01
  7.969274E+00  8.582332E-01
  8.019553E+00  8.229005E-01
  8.069832E+00  7.991786E-01
  8.120112E+00  8.426442E-01
  8.170391E+00  8.217697E-01
  8.220670E+00  7.701201E-01
  8.270950E+00  8.584538E-01
  8.321229E+00  9.014355E-01
  8.371508E+00  8.705692E-01
  8.421788E+00  7.833571E-01
  8.472067E+00  8.647234E-01
  8.522346E+00  7.988714E-01
  8.572626E+00  8.278082E-01
  8.622905E+00  9.056761E-01
  8.673184E+00  8.297601E-01
  8.723464E+00  8.941583E-01
  8.773743E+00  7.446105E-01
  8.824022E+00  7.790535E-01
  8.874302E+00  8.461595E-01
  8.924581E+00  8.410673E-01
  8.974860E+00  8.775100E-01
