amber                                                                           
         2         2        18   93.7368116440    
     25.196959335562      0.000000000000      0.000000000000
      0.000000000000     25.196959335562      0.000000000000
      0.000000000000      0.000000000000     25.196959335562
OW               1
    -8.588034700        -3.303056166         11.41187170    
  -3.41539294476       6.40123665978      -6.24813532764    
  -20.2051851773      -52.2239042499      -165.823736592    
HW               2
    -8.355610194        -3.783123470         10.61699645    
  -23.9297096311       35.4112435505      -29.7672797397    
   33.8816486045       33.3932281417       73.5168440139    
HW               3
    -9.541326742        -3.372456623         11.46412396    
 -0.673369808574      -8.45277612971       24.0486164257    
  -6.52325478507       53.2854083911       94.7821081076    
OW               4
    -2.671127104         6.094576797         1.014935746    
   18.9776375406       2.64817982770      -10.2465996008    
  -140.018795448       120.826343065       16.1883889535    
HW               5
    -3.579804983         6.240664500         1.278137803    
   17.6400512168      -10.3798802671      -7.63338194096    
   88.6246856383      -75.0749549662      -35.1370736207    
HW               6
    -2.246445693         5.748740482         1.800018787    
   17.0907786058      -27.7769329917      -22.6284681272    
   82.6719190188      -48.7860326209       20.0237356969    
OW               7
    -4.656039751         8.924630196         7.662530783    
  -3.01603974297      -4.98951377766       1.22113545372    
   17.7393666741      -68.1372733486      -272.873332420    
HW               8
    -5.208596078         8.148717974         7.757157187    
  -4.51360138319      -4.29834723697      -1.85625709847    
  -29.1867170690       11.1311952743       150.851184595    
HW               9
    -5.106920008         9.462481330         7.011581022    
  -12.1317688680       7.45750983140       17.8195716238    
  -16.6271475807       57.2094780964       128.879748590    
OW              10
     5.734089977        -9.486511143       -0.1140208270    
  -6.36640286848      -7.57138356297       5.78454659165    
   105.393000511      -1.61138781831       121.530208347    
HW              11
     5.503130942        -9.246568938        -1.011460569    
   17.1257531592      -19.1379315784      -3.35370343265    
  -45.7431619756       5.40524405962      -61.1650053618    
HW              12
     5.689706963        -10.44265057       -0.1021893687    
  0.280700606655E-01  -7.75255012505       15.1312802798    
  -54.8440686553      -6.72745453362      -56.1394349972    
OW              13
     9.608764582        -6.082826481         11.18249104    
  -3.00558996930       6.10976587483       1.74495990717    
   239.262534817       63.1294034046      -30.5540264822    
HW              14
     10.46668420        -6.478221630         11.33724582    
 -0.895128305809       21.8686550257       30.3087427914    
  -136.605016397      -57.4702843227       31.6885550791    
HW              15
     9.445525305        -6.221049447         10.24945311    
   29.3005618215      0.534015347132      -3.08114191922    
  -119.216657340      -30.7612275751      -16.1339703615    
OW              16
    -7.680560829        -8.250317837        -3.472508931    
  -10.3310460059      -1.72299010420       9.17059290335    
  -5.01445701045      -48.4224550921       82.5258324987    
HW              17
    -8.015202499        -9.069268103        -3.838087709    
   37.6482306449      -9.88067512880      -16.4740220340    
   3.26033028637       23.4368450600      -36.1485366202    
HW              18
    -7.103314139        -8.523861000        -2.759576371    
   36.9176829202       8.51324169014      -25.1582097521    
   3.15097588867       21.3978290347      -46.0114894268    
