amber                                                                           
         2       128
OW      
 -6.350000E+00  1.872326E-04
 -6.250000E+00  1.832319E-04
 -6.150000E+00  1.564272E-04
 -6.050000E+00  1.800313E-04
 -5.950000E+00  1.904331E-04
 -5.850000E+00  1.772308E-04
 -5.750000E+00  1.680292E-04
 -5.650000E+00  1.728301E-04
 -5.550000E+00  2.172378E-04
 -5.450000E+00  2.608454E-04
 -5.350000E+00  1.976344E-04
 -5.250000E+00  2.100365E-04
 -5.150000E+00  1.996347E-04
 -5.050000E+00  1.820317E-04
 -4.950000E+00  1.944338E-04
 -4.850000E+00  2.016351E-04
 -4.750000E+00  1.972343E-04
 -4.650000E+00  1.996347E-04
 -4.550000E+00  1.992347E-04
 -4.450000E+00  2.252392E-04
 -4.350000E+00  1.892329E-04
 -4.250000E+00  1.972343E-04
 -4.150000E+00  2.060359E-04
 -4.050000E+00  2.012350E-04
 -3.950000E+00  1.908332E-04
 -3.850000E+00  1.712298E-04
 -3.750000E+00  1.904331E-04
 -3.650000E+00  2.172378E-04
 -3.550000E+00  1.996347E-04
 -3.450000E+00  1.984345E-04
 -3.350000E+00  2.048356E-04
 -3.250000E+00  2.120369E-04
 -3.150000E+00  2.148374E-04
 -3.050000E+00  2.208384E-04
 -2.950000E+00  2.068360E-04
 -2.850000E+00  2.232388E-04
 -2.750000E+00  2.324404E-04
 -2.650000E+00  2.196382E-04
 -2.550000E+00  2.316403E-04
 -2.450000E+00  2.200383E-04
 -2.350000E+00  2.632458E-04
 -2.250000E+00  2.520439E-04
 -2.150000E+00  2.200383E-04
 -2.050000E+00  1.840320E-04
 -1.950000E+00  1.852322E-04
 -1.850000E+00  1.888329E-04
 -1.750000E+00  1.676292E-04
 -1.650000E+00  1.852322E-04
 -1.550000E+00  1.772308E-04
 -1.450000E+00  1.860324E-04
 -1.350000E+00  1.756306E-04
 -1.250000E+00  1.588276E-04
 -1.150000E+00  1.800313E-04
 -1.050000E+00  1.852322E-04
 -9.500000E-01  1.696295E-04
 -8.500000E-01  1.704297E-04
 -7.500000E-01  1.740303E-04
 -6.500000E-01  1.732301E-04
 -5.500000E-01  1.636285E-04
 -4.500000E-01  1.756306E-04
 -3.500000E-01  1.556271E-04
 -2.500000E-01  1.840320E-04
 -1.500000E-01  1.732301E-04
 -5.000000E-02  1.552270E-04
  5.000000E-02  1.720299E-04
  1.500000E-01  1.840320E-04
  2.500000E-01  1.748304E-04
  3.500000E-01  1.972343E-04
  4.500000E-01  1.628283E-04
  5.500000E-01  1.784310E-04
  6.500000E-01  1.816316E-04
  7.500000E-01  1.780310E-04
  8.500000E-01  1.884328E-04
  9.500000E-01  1.740303E-04
  1.050000E+00  1.788311E-04
  1.150000E+00  1.880327E-04
  1.250000E+00  1.924335E-04
  1.350000E+00  1.808315E-04
  1.450000E+00  1.860324E-04
  1.550000E+00  2.296400E-04
  1.650000E+00  1.908332E-04
  1.750000E+00  2.024352E-04
  1.850000E+00  1.852322E-04
  1.950000E+00  2.020352E-04
  2.050000E+00  2.032354E-04
  2.150000E+00  2.040355E-04
  2.250000E+00  1.944338E-04
  2.350000E+00  2.068360E-04
  2.450000E+00  2.136372E-04
  2.550000E+00  2.112368E-04
  2.650000E+00  2.160376E-04
  2.750000E+00  2.336407E-04
  2.850000E+00  1.904331E-04
  2.950000E+00  2.188381E-04
  3.050000E+00  1.924335E-04
  3.150000E+00  1.716299E-04
  3.250000E+00  1.792312E-04
  3.350000E+00  1.812315E-04
  3.450000E+00  1.972343E-04
  3.550000E+00  1.600278E-04
  3.650000E+00  2.112368E-04
  3.750000E+00  1.844321E-04
  3.850000E+00  1.884328E-04
  3.950000E+00  1.708297E-04
  4.050000E+00  1.736302E-04
  4.150000E+00  1.744304E-04
  4.250000E+00  1.648287E-04
  4.350000E+00  1.980345E-04
  4.450000E+00  1.744304E-04
  4.550000E+00  1.716299E-04
  4.650000E+00  1.868325E-04
  4.750000E+00  1.688294E-04
  4.850000E+00  1.744304E-04
  4.950000E+00  1.764307E-04
  5.050000E+00  1.808315E-04
  5.150000E+00  1.656288E-04
  5.250000E+00  1.704297E-04
  5.350000E+00  1.620282E-04
  5.450000E+00  1.628283E-04
  5.550000E+00  1.688294E-04
  5.650000E+00  1.756306E-04
  5.750000E+00  1.716299E-04
  5.850000E+00  1.668290E-04
  5.950000E+00  1.652288E-04
  6.050000E+00  1.668290E-04
  6.150000E+00  1.544269E-04
  6.250000E+00  1.660289E-04
  6.350000E+00  1.664290E-04
HW      
 -6.350000E+00  3.344582E-04
 -6.250000E+00  3.664638E-04
 -6.150000E+00  4.032702E-04
 -6.050000E+00  3.940686E-04
 -5.950000E+00  3.872674E-04
 -5.850000E+00  4.104714E-04
 -5.750000E+00  3.792660E-04
 -5.650000E+00  3.836668E-04
 -5.550000E+00  3.544617E-04
 -5.450000E+00  3.928684E-04
 -5.350000E+00  3.768656E-04
 -5.250000E+00  3.796661E-04
 -5.150000E+00  3.940686E-04
 -5.050000E+00  4.328753E-04
 -4.950000E+00  4.224735E-04
 -4.850000E+00  4.296748E-04
 -4.750000E+00  4.248739E-04
 -4.650000E+00  4.168725E-04
 -4.550000E+00  3.928684E-04
 -4.450000E+00  4.100714E-04
 -4.350000E+00  3.976692E-04
 -4.250000E+00  4.080710E-04
 -4.150000E+00  4.204732E-04
 -4.050000E+00  4.016699E-04
 -3.950000E+00  3.752653E-04
 -3.850000E+00  4.104714E-04
 -3.750000E+00  4.068708E-04
 -3.650000E+00  4.100714E-04
 -3.550000E+00  3.880675E-04
 -3.450000E+00  4.172726E-04
 -3.350000E+00  3.852670E-04
 -3.250000E+00  4.168725E-04
 -3.150000E+00  4.464777E-04
 -3.050000E+00  4.236737E-04
 -2.950000E+00  4.360759E-04
 -2.850000E+00  4.468778E-04
 -2.750000E+00  4.232737E-04
 -2.650000E+00  4.468778E-04
 -2.550000E+00  4.168725E-04
 -2.450000E+00  4.084711E-04
 -2.350000E+00  4.252740E-04
 -2.250000E+00  4.364760E-04
 -2.150000E+00  4.068708E-04
 -2.050000E+00  4.216734E-04
 -1.950000E+00  4.148722E-04
 -1.850000E+00  3.704645E-04
 -1.750000E+00  3.844669E-04
 -1.650000E+00  3.860672E-04
 -1.550000E+00  3.748652E-04
 -1.450000E+00  3.616629E-04
 -1.350000E+00  3.352583E-04
 -1.250000E+00  3.704645E-04
 -1.150000E+00  3.424596E-04
 -1.050000E+00  3.500609E-04
 -9.500000E-01  3.444599E-04
 -8.500000E-01  3.744652E-04
 -7.500000E-01  3.588624E-04
 -6.500000E-01  3.500609E-04
 -5.500000E-01  3.320578E-04
 -4.500000E-01  3.344582E-04
 -3.500000E-01  3.780658E-04
 -2.500000E-01  3.628631E-04
 -1.500000E-01  3.684641E-04
 -5.000000E-02  3.324579E-04
  5.000000E-02  3.344582E-04
  1.500000E-01  3.448600E-04
  2.500000E-01  3.392590E-04
  3.500000E-01  3.332580E-04
  4.500000E-01  3.384589E-04
  5.500000E-01  3.548617E-04
  6.500000E-01  3.544617E-04
  7.500000E-01  3.764655E-04
  8.500000E-01  3.956688E-04
  9.500000E-01  3.604627E-04
  1.050000E+00  3.908680E-04
  1.150000E+00  4.188729E-04
  1.250000E+00  3.852670E-04
  1.350000E+00  4.044704E-04
  1.450000E+00  3.988694E-04
  1.550000E+00  3.688642E-04
  1.650000E+00  3.736650E-04
  1.750000E+00  3.892677E-04
  1.850000E+00  4.192730E-04
  1.950000E+00  4.208732E-04
  2.050000E+00  4.044704E-04
  2.150000E+00  3.952688E-04
  2.250000E+00  3.912681E-04
  2.350000E+00  3.952688E-04
  2.450000E+00  3.804662E-04
  2.550000E+00  3.992695E-04
  2.650000E+00  3.968691E-04
  2.750000E+00  3.980693E-04
  2.850000E+00  3.720647E-04
  2.950000E+00  3.776657E-04
  3.050000E+00  3.724648E-04
  3.150000E+00  3.752653E-04
  3.250000E+00  3.840668E-04
  3.350000E+00  3.804662E-04
  3.450000E+00  3.848670E-04
  3.550000E+00  3.784659E-04
  3.650000E+00  3.932684E-04
  3.750000E+00  3.952688E-04
  3.850000E+00  3.712646E-04
  3.950000E+00  3.448600E-04
  4.050000E+00  3.480606E-04
  4.150000E+00  3.652636E-04
  4.250000E+00  3.684641E-04
  4.350000E+00  3.964690E-04
  4.450000E+00  3.684641E-04
  4.550000E+00  3.568621E-04
  4.650000E+00  3.140546E-04
  4.750000E+00  3.464603E-04
  4.850000E+00  3.440599E-04
  4.950000E+00  3.312576E-04
  5.050000E+00  3.236563E-04
  5.150000E+00  3.252566E-04
  5.250000E+00  3.400592E-04
  5.350000E+00  3.344582E-04
  5.450000E+00  3.528614E-04
  5.550000E+00  3.400592E-04
  5.650000E+00  3.496608E-04
  5.750000E+00  3.472604E-04
  5.850000E+00  3.328579E-04
  5.950000E+00  3.144547E-04
  6.050000E+00  3.328579E-04
  6.150000E+00  3.188555E-04
  6.250000E+00  3.416595E-04
  6.350000E+00  3.380588E-04
